8

3 2
0 0
0 0
0 0

3 3
2 1 1
1 0 1
1 1 2

4 4
2 2 2 2
4 4 4 4
0 0 0 0
0 0 0 0

54 42
58 59 58 59 59 58 59 58 58 59 60 61 62 61 60 61 61 60 61 60 60 61 61 61 61 62 63 63 64 63 62 61 60 61 60 59 59 58 59 60 60 59
59 59 57 60 60 57 57 56 55 56 60 60 62 62 61 61 60 59 61 60 61 62 61 62 62 62 61 63 64 65 64 62 61 62 61 59 59 60 60 60 61 61
58 59 56 61 60 60 60 55 55 55 60 61 62 62 62 61 62 60 60 60 61 61 60 62 61 63 64 64 64 65 65 64 63 63 60 59 58 59 60 59 58 61
58 60 60 60 60 60 61 62 61 60 61 60 62 61 62 62 63 64 65 66 65 66 67 62 63 62 61 64 65 64 64 65 62 63 59 58 59 59 60 61 59 59
59 58 60 59 60 59 58 63 63 59 60 60 61 60 59 61 62 63 66 67 65 65 64 65 62 61 62 64 66 66 65 64 65 65 64 63 62 59 59 61 59 60
60 61 60 59 59 58 59 64 63 62 62 59 59 59 60 61 62 64 67 66 66 65 64 65 63 64 64 64 64 65 64 65 65 64 64 63 61 62 62 62 59 59
60 60 60 58 57 57 56 57 56 62 61 59 59 60 59 59 62 65 67 68 65 65 63 64 63 63 65 64 65 64 63 66 66 63 63 64 62 62 63 62 59 58
60 61 61 57 56 57 56 56 55 63 62 61 60 61 60 61 61 64 68 67 66 66 67 67 62 63 64 65 64 65 65 65 65 64 65 64 64 62 64 61 60 57
60 61 60 61 57 58 56 55 55 62 62 62 60 59 59 62 62 65 68 69 69 66 66 68 61 62 65 65 64 65 65 64 65 64 63 62 64 64 64 64 64 58
59 58 59 60 59 59 59 56 57 61 63 63 59 60 59 63 61 65 66 65 66 65 67 68 68 68 67 65 63 65 66 64 63 64 65 64 64 64 63 64 63 64
58 59 59 59 60 60 59 55 58 59 59 59 58 61 60 62 62 62 67 65 65 64 66 68 69 68 68 69 69 70 69 68 67 64 64 65 65 65 64 64 62 63
58 60 59 58 58 59 59 58 58 57 57 60 59 58 59 59 58 57 58 59 64 65 65 64 63 67 68 67 67 69 69 67 66 65 63 62 64 65 64 65 61 61
59 60 61 61 57 60 58 59 59 57 58 57 60 57 58 60 59 59 59 60 63 65 65 66 67 66 66 66 67 67 68 68 65 65 64 63 63 63 64 65 66 60
58 57 56 60 57 60 58 59 59 56 56 57 59 58 59 60 58 58 59 60 59 60 61 66 68 66 65 64 68 67 67 68 65 66 65 64 62 62 62 63 62 61
59 58 57 61 61 61 58 59 60 57 57 57 56 57 58 59 59 57 56 59 59 60 60 61 61 66 65 65 64 67 66 67 65 66 66 65 66 62 62 62 62 62
59 58 57 60 61 61 58 58 60 61 60 60 56 56 57 56 57 57 57 59 58 58 61 62 63 62 65 66 65 64 64 66 66 66 66 66 66 61 61 62 61 63
60 61 61 62 60 61 59 58 60 60 59 60 60 55 55 55 55 56 55 60 59 58 61 60 61 63 66 66 67 65 65 67 66 65 67 68 68 68 60 60 61 61
60 60 60 60 60 61 60 59 58 58 57 61 62 62 56 56 55 56 55 60 59 57 61 62 63 62 65 64 66 65 64 65 64 65 66 67 67 68 69 60 61 60
60 59 61 61 59 60 60 61 61 60 60 59 60 59 58 59 60 56 55 60 61 58 58 57 62 61 60 61 62 63 64 65 65 64 65 66 67 67 68 59 59 60
59 60 62 61 60 60 61 62 61 59 61 60 59 58 58 60 59 55 56 56 56 57 58 58 57 61 60 62 61 61 65 65 64 63 62 61 61 61 68 59 59 59
58 61 60 62 60 60 60 61 62 58 58 60 60 57 58 59 59 55 55 55 55 58 57 56 58 62 62 63 61 60 64 64 65 64 65 66 60 59 60 60 60 60
57 57 57 63 63 60 60 61 61 60 61 61 62 61 59 58 59 56 56 55 56 57 57 57 56 63 63 64 64 65 64 63 64 63 65 66 60 58 60 60 60 59
57 56 56 56 63 61 60 61 62 60 61 61 60 59 60 57 58 57 58 54 53 54 54 55 56 55 56 57 58 65 66 66 63 64 64 65 66 67 59 59 61 62
58 57 57 57 64 60 59 62 63 63 62 63 62 61 60 60 58 56 55 53 54 54 54 55 54 55 54 55 58 57 56 55 63 63 64 65 67 66 66 58 60 61
57 57 56 57 65 60 60 63 63 62 63 63 62 63 63 63 57 55 55 54 53 53 55 54 55 54 54 55 55 54 56 55 63 62 61 65 66 66 65 64 61 62
56 57 57 56 56 60 61 61 60 59 64 64 63 63 64 64 56 57 58 55 54 52 53 53 55 53 53 55 54 55 56 55 62 61 61 60 65 66 66 63 60 63
55 54 53 56 55 60 60 60 60 59 59 65 62 61 63 65 57 58 57 56 53 53 54 55 54 53 53 53 53 54 57 56 55 55 62 61 66 65 67 62 60 62
54 55 54 56 54 59 60 61 61 61 60 66 63 62 61 62 63 59 59 57 53 53 54 55 53 53 54 53 53 53 54 54 56 55 63 61 60 59 59 63 62 63
53 52 51 57 55 56 55 60 59 61 61 61 62 61 61 63 64 64 58 59 54 53 55 55 55 53 52 54 54 54 54 53 53 56 63 61 59 59 59 58 59 62
54 51 51 52 56 57 56 61 60 59 61 62 63 61 61 60 63 64 58 59 55 55 54 55 54 54 55 55 54 54 55 53 54 53 53 61 60 61 61 59 58 57
53 53 50 49 57 57 57 62 62 62 62 63 64 61 60 59 64 65 66 60 59 60 54 55 54 54 55 54 55 54 53 54 54 54 53 62 60 61 61 60 58 57
52 51 51 50 56 57 57 63 64 63 63 62 61 60 60 60 64 66 66 60 60 60 60 61 53 53 53 52 52 54 52 53 53 54 53 62 61 62 62 59 59 58
52 53 53 53 52 57 58 62 65 62 63 62 61 60 60 59 59 60 59 61 60 59 60 59 59 53 52 53 54 54 54 53 53 53 53 61 61 62 61 61 59 58
51 53 54 52 51 52 58 58 58 62 62 62 63 61 59 59 58 58 60 60 61 62 61 58 59 60 60 61 60 53 54 54 53 52 53 54 55 55 54 55 55 56
52 52 52 53 52 53 53 54 58 57 57 63 63 63 59 60 60 60 59 58 61 60 60 57 58 61 61 61 60 52 52 53 53 52 53 55 54 53 53 54 54 53
52 52 53 53 53 53 52 51 58 58 57 57 62 61 61 59 58 60 58 58 59 58 59 56 59 59 58 62 61 61 53 54 53 54 53 54 55 54 54 55 56 52
52 53 52 53 54 54 52 52 53 59 58 59 61 62 62 61 62 61 59 60 59 58 58 56 59 58 58 61 60 60 61 55 52 51 54 53 54 55 54 56 56 56
51 53 53 52 53 52 52 53 53 53 52 51 51 63 62 63 63 63 62 61 60 58 57 58 59 58 58 62 61 61 62 54 55 50 49 52 54 55 55 56 56 57
51 52 53 52 51 51 52 51 51 53 53 51 52 62 61 64 65 62 61 60 60 57 56 57 58 59 57 58 62 63 63 53 55 50 49 51 55 56 55 56 56 56
50 51 52 53 51 51 51 51 52 54 55 55 54 63 60 61 65 61 61 62 62 61 56 58 57 59 58 58 57 62 61 61 62 61 60 51 56 57 56 55 56 56
50 51 52 52 51 52 52 53 54 54 54 55 53 52 60 60 66 67 62 63 63 64 56 59 57 56 59 58 58 63 64 61 60 61 60 51 57 56 56 55 56 57
49 50 52 51 51 52 52 51 55 54 54 55 55 55 60 60 59 68 69 63 63 63 55 58 56 55 60 61 58 57 58 57 61 61 62 61 58 55 54 55 54 57
49 48 49 48 47 46 51 50 51 50 55 54 56 55 55 60 61 60 59 59 64 64 55 54 55 54 59 60 61 57 58 56 55 60 60 61 58 59 59 58 54 53
48 49 49 47 46 46 50 49 52 53 53 54 54 54 54 60 59 59 58 59 58 65 55 53 56 54 53 59 60 59 59 60 56 55 61 61 58 58 59 57 56 54
49 50 50 50 50 51 51 50 51 50 52 53 54 54 53 61 61 58 57 57 57 56 54 55 55 54 55 56 56 57 59 61 60 56 61 61 62 57 58 56 56 56
48 51 50 49 51 50 51 50 52 51 50 52 51 51 52 51 52 52 57 56 57 58 55 54 56 55 55 56 57 58 59 62 62 57 58 60 60 56 58 56 56 57
49 49 49 49 48 51 51 51 51 52 50 52 52 50 51 51 52 51 57 57 57 58 55 56 55 56 57 57 58 58 60 62 62 61 61 60 59 56 57 57 56 56
48 48 48 48 49 52 51 51 51 52 52 53 53 52 51 50 50 51 57 58 57 56 57 57 54 57 58 58 59 59 59 61 61 61 62 59 58 59 57 56 57 56
47 49 49 49 48 48 52 51 52 51 52 54 54 51 51 50 50 51 50 58 57 56 57 58 55 55 56 57 59 58 57 58 57 57 61 62 59 59 58 58 58 57
46 46 50 51 47 48 51 51 52 53 53 53 55 56 52 49 51 52 50 59 59 58 59 59 55 56 57 58 60 58 57 59 58 59 60 61 60 58 58 59 59 58
45 44 44 50 49 48 50 52 53 52 53 54 53 57 57 58 57 53 51 60 59 58 59 59 60 61 60 57 56 57 56 55 54 58 58 60 61 60 59 58 59 59
44 43 45 51 52 49 51 51 54 53 53 55 52 52 57 58 58 57 51 51 60 61 61 60 60 61 60 60 55 56 56 55 53 58 59 60 60 59 60 58 59 58
45 42 45 51 52 53 50 50 49 54 53 52 52 51 57 57 57 56 57 51 52 62 62 63 60 59 58 57 55 57 56 54 55 57 56 59 60 58 59 59 60 57
44 41 46 45 44 45 50 50 49 49 54 54 52 53 58 59 59 60 58 59 58 59 63 63 61 60 59 58 59 60 59 59 54 58 59 60 60 60 59 58 61 61

53 79
76 75 75 75 74 74 74 75 75 76 75 74 74 75 75 76 77 77 76 75 76 76 77 76 76 77 77 77 78 77 78 77 77 76 77 76 75 74 73 74 74 73 72 71 70 69 70 70 71 71 71 72 73 72 72 73 72 71 72 72 72 72 72 72 73 74 75 75 74 73 74 73 72 71 71 70 70 71 72
75 76 75 75 73 73 73 75 74 77 76 77 74 75 75 74 75 75 76 76 76 76 76 76 77 77 76 77 78 78 77 76 76 76 76 77 78 79 78 79 74 74 73 72 72 73 74 71 70 71 70 70 70 73 72 73 72 73 73 72 71 70 71 71 71 73 74 74 74 73 73 74 73 70 69 70 69 69 68
76 77 74 74 74 73 74 74 73 72 71 71 75 74 75 76 76 76 76 76 77 76 76 76 77 78 78 78 79 79 77 78 77 76 75 78 79 78 78 79 80 79 74 74 75 74 75 75 75 74 69 69 70 70 71 70 69 73 74 71 71 69 71 72 72 72 72 75 74 74 73 73 73 73 74 70 68 69 69
76 76 73 74 74 73 74 75 73 72 72 71 71 70 75 75 76 75 75 77 77 75 74 76 76 79 79 79 80 80 79 77 78 78 78 78 79 80 77 78 79 79 78 77 77 76 76 74 75 75 76 70 71 71 70 69 68 73 75 75 71 68 68 69 68 71 71 72 73 74 75 76 75 73 74 73 73 72 68
76 76 74 75 75 74 75 75 76 77 77 77 77 71 76 77 77 75 76 77 78 76 74 75 74 73 73 72 73 81 79 79 78 79 79 78 79 80 79 79 78 78 78 78 79 76 75 74 74 75 75 69 68 72 69 69 69 70 74 75 70 71 67 68 68 67 72 73 74 74 75 75 75 76 75 76 77 71 68
75 75 75 75 76 74 74 76 75 78 78 78 78 71 71 70 77 76 76 76 75 76 73 75 75 74 74 71 72 81 78 78 79 79 79 79 79 80 80 80 79 78 79 79 79 78 77 73 73 74 75 69 70 71 70 70 71 72 72 76 75 76 76 68 67 68 68 73 74 75 74 73 76 75 74 77 77 72 71
75 75 74 74 74 74 75 77 76 77 77 76 76 76 77 69 76 75 74 74 74 73 72 75 74 75 73 72 72 82 83 77 76 80 78 79 78 81 80 80 80 79 78 79 79 78 77 72 72 71 72 69 69 70 70 71 70 71 71 77 74 77 78 69 68 69 70 72 75 74 73 74 76 77 77 77 77 72 72
75 75 74 75 75 75 76 77 77 78 79 78 76 77 76 76 76 76 73 73 74 73 71 72 73 74 75 76 75 76 82 83 76 80 80 80 81 82 80 79 79 78 79 79 79 80 81 82 83 83 71 70 70 71 70 71 71 72 72 71 74 76 76 70 69 70 71 71 76 77 77 75 76 77 77 78 78 77 77
75 75 74 76 76 76 76 77 77 76 79 77 77 77 76 76 77 76 76 75 75 76 71 71 73 75 74 76 76 76 81 81 81 80 81 79 79 80 81 80 79 78 80 80 80 81 80 80 82 82 82 71 71 71 71 70 69 68 68 67 66 67 75 76 77 77 78 79 78 76 78 78 75 74 73 79 78 78 77
74 75 75 76 77 77 77 78 76 77 77 78 77 77 77 77 77 77 76 76 75 76 71 72 73 74 75 76 76 77 82 82 81 81 80 81 80 81 80 81 79 79 80 79 79 81 81 82 83 82 83 83 82 81 71 71 72 72 68 69 65 65 64 63 63 64 79 78 79 79 80 77 77 78 79 78 79 77 78
74 74 75 77 77 77 76 75 76 77 76 79 77 76 76 77 77 77 76 76 75 76 75 71 74 74 74 75 74 73 83 83 83 82 81 81 80 80 81 80 80 79 79 80 80 80 80 79 80 80 84 83 83 82 72 73 73 74 69 69 66 67 64 63 63 64 80 79 80 80 81 76 78 77 76 76 78 78 79
73 75 74 73 77 76 77 74 75 75 74 73 73 77 76 78 76 75 76 76 76 77 75 71 74 75 75 76 74 72 83 84 83 83 82 80 80 81 80 79 79 79 80 79 79 79 81 79 80 81 84 82 81 83 71 72 72 72 71 70 65 66 65 62 62 65 80 78 77 78 80 80 79 76 77 78 79 78 78
74 74 74 74 75 77 77 75 75 74 75 73 74 73 72 73 76 76 77 78 77 78 74 75 74 76 75 76 76 71 83 83 82 82 82 80 79 78 80 79 80 79 79 80 79 80 81 80 79 81 81 82 83 84 71 72 72 73 71 70 69 70 71 61 63 64 81 78 77 79 80 81 81 76 76 78 78 77 78
75 75 75 75 76 75 76 75 75 73 74 73 74 73 72 72 77 78 78 77 77 76 75 75 73 76 75 75 77 76 83 83 81 82 82 81 78 79 79 78 78 80 78 80 80 81 82 81 80 79 78 82 83 83 84 85 73 73 71 69 69 68 72 71 63 65 82 78 77 79 80 81 80 77 77 79 78 76 79
75 74 73 74 77 74 77 76 74 75 74 74 74 75 74 75 74 79 79 76 77 76 74 75 72 76 76 75 77 77 82 84 83 81 81 81 82 82 83 83 82 82 78 81 80 81 83 80 80 81 82 82 82 83 82 82 73 72 70 69 70 68 67 68 62 66 83 83 83 78 77 76 76 77 76 76 77 75 80
76 77 78 79 76 77 77 78 75 75 74 75 74 74 74 73 73 80 80 81 76 76 75 75 76 75 75 74 76 76 81 82 82 82 82 82 83 83 83 82 83 84 78 80 81 82 82 82 81 81 82 83 82 83 81 82 72 71 71 69 71 71 66 68 67 66 83 84 84 78 77 77 75 78 75 74 73 74 74
75 78 79 80 77 76 77 78 75 74 73 74 74 73 74 73 74 74 80 82 83 77 75 76 75 75 74 73 74 74 80 80 82 82 83 83 84 82 81 82 83 82 79 81 80 81 81 81 81 81 83 82 82 82 83 83 71 70 72 68 69 70 70 71 72 72 72 71 72 77 77 78 78 79 80 74 73 73 75
74 77 80 79 78 77 77 77 78 74 74 73 74 75 75 76 75 75 76 82 84 85 85 86 76 74 73 72 73 72 72 72 71 72 71 83 82 83 82 83 84 83 82 82 79 82 82 82 82 83 83 83 81 81 83 82 82 83 71 71 70 69 68 68 73 72 71 70 69 70 69 78 77 78 80 80 74 73 74
75 77 77 76 78 77 77 76 79 79 78 73 73 74 74 76 76 77 75 75 76 85 84 86 75 74 72 73 73 73 72 73 74 73 71 82 83 84 83 84 83 82 83 82 83 81 81 82 82 82 84 84 81 82 81 83 82 82 72 71 70 70 70 69 70 72 71 70 70 71 72 71 71 71 81 79 73 73 74
76 75 78 76 79 79 80 81 78 79 79 79 72 71 71 71 75 78 74 74 74 73 85 87 88 74 73 72 72 72 73 72 75 74 75 83 84 85 84 83 84 82 82 81 80 79 79 82 81 80 84 84 81 83 80 82 82 81 73 71 72 70 69 68 70 71 70 70 69 68 69 72 72 72 72 78 74 72 73
75 75 78 77 76 78 77 81 80 79 80 81 71 70 70 70 70 78 77 73 75 74 75 76 76 74 72 73 73 73 72 72 72 71 74 83 85 85 84 85 85 86 83 82 82 79 80 81 81 81 82 83 82 83 84 83 83 80 72 72 73 69 70 70 69 69 68 67 69 68 67 68 72 73 72 79 73 71 70
76 74 73 78 78 78 78 80 81 80 81 81 82 71 70 69 68 68 78 77 76 76 75 75 76 73 72 73 72 72 71 72 73 73 74 84 83 83 83 84 83 82 82 81 80 81 79 80 82 81 81 84 81 83 84 84 83 84 73 74 73 74 75 71 72 72 73 73 68 68 66 67 73 72 72 73 73 72 71
77 74 73 77 78 79 79 80 82 79 82 83 82 81 82 83 83 67 67 67 66 75 74 75 75 73 74 73 74 75 75 73 73 74 73 74 82 82 82 83 83 82 83 83 81 80 80 81 80 80 81 81 80 81 84 84 84 84 83 74 72 72 74 71 71 73 73 74 68 67 67 67 74 73 71 72 73 74 74
78 74 72 78 78 78 77 76 83 82 82 84 85 80 83 83 84 66 67 67 66 76 75 75 75 74 74 73 73 74 74 75 76 77 73 72 81 82 81 82 83 82 84 84 83 81 81 82 81 79 78 82 81 82 85 86 83 82 83 73 74 72 74 71 72 72 71 74 68 69 68 68 68 68 72 73 73 74 74
77 77 71 70 71 70 71 76 84 81 83 83 83 80 84 84 85 86 67 68 65 64 64 76 77 77 74 74 73 73 72 72 76 76 74 73 72 72 81 81 82 81 80 80 83 82 80 82 81 81 77 82 81 80 85 87 83 82 82 83 83 82 82 72 72 72 73 74 74 74 67 69 67 66 65 73 73 75 75
77 76 72 71 70 70 70 76 77 82 81 81 82 81 81 82 82 82 83 84 85 65 63 62 63 78 77 78 73 72 71 70 76 76 75 75 71 71 80 80 81 81 80 79 82 83 79 80 79 82 76 76 80 80 80 79 78 83 82 82 82 82 81 81 82 73 74 75 75 76 77 76 76 77 66 65 72 73 74
77 77 72 73 71 70 71 77 78 77 82 81 82 80 80 80 79 83 83 83 83 84 64 62 62 63 64 64 65 64 72 70 69 75 75 75 76 71 71 81 81 80 79 79 81 84 84 79 80 81 80 79 80 79 79 78 78 83 83 84 84 81 81 82 83 74 75 76 75 75 74 75 74 77 66 65 65 73 75
76 76 76 77 70 71 70 71 77 76 76 81 80 79 81 81 79 79 83 84 85 84 63 61 62 62 64 65 65 63 62 71 69 74 74 76 77 72 71 82 82 82 78 77 81 82 83 82 81 81 81 82 83 79 78 79 79 83 82 82 81 82 81 83 83 73 73 76 74 75 74 74 74 73 65 64 64 72 75
75 74 75 78 78 71 72 71 71 75 74 82 80 81 82 80 78 80 81 81 82 82 62 60 60 60 64 64 65 62 62 61 69 70 74 76 76 72 72 82 83 83 79 78 81 82 81 82 81 80 82 81 82 83 82 79 80 79 82 83 83 83 81 82 82 83 73 72 72 73 73 72 74 72 65 65 63 63 74
74 75 75 74 73 72 72 72 73 72 72 73 74 73 83 83 78 81 82 83 83 83 82 61 61 62 63 64 64 63 63 62 63 69 75 77 76 73 71 81 82 81 81 79 78 81 81 83 82 83 82 81 82 83 83 79 79 80 82 84 85 84 83 81 81 83 73 73 73 74 74 75 74 75 74 64 64 63 75
75 74 73 74 73 74 73 73 74 73 72 72 72 72 72 83 79 78 79 78 82 82 81 80 81 80 64 64 63 63 63 64 63 69 69 70 75 74 70 69 68 81 80 80 81 80 80 79 78 79 78 79 83 82 83 82 80 79 78 85 85 84 83 82 82 83 84 84 72 73 72 71 70 71 75 74 63 62 74
74 73 73 74 74 73 72 73 75 76 76 71 72 73 73 82 83 79 78 78 77 77 76 79 82 81 63 64 63 63 64 63 64 64 63 71 70 71 71 70 71 71 80 81 81 82 81 80 77 78 79 80 83 81 82 83 80 80 79 79 78 84 85 82 81 80 84 85 84 83 82 81 82 71 71 75 62 62 73
73 73 74 74 75 76 76 76 77 77 78 79 73 72 72 73 83 80 78 78 78 76 76 79 83 83 62 61 62 62 63 62 63 64 63 70 71 70 69 69 68 69 70 71 70 71 72 71 71 72 71 80 80 79 78 79 80 80 80 81 77 83 82 82 82 81 84 85 85 83 82 81 81 71 71 70 61 60 59
72 72 72 75 76 77 76 75 74 73 73 78 77 78 71 70 70 70 71 79 79 76 75 76 75 76 61 60 59 63 63 62 62 61 64 65 65 64 69 70 69 68 69 72 73 70 72 71 72 73 70 81 82 78 79 79 79 80 79 80 79 83 84 82 81 82 84 84 85 86 85 80 81 71 71 70 71 59 58
73 73 73 72 75 78 75 75 73 74 75 77 77 77 77 70 69 69 72 73 73 76 76 76 75 74 74 61 61 62 63 62 62 62 62 64 63 63 62 71 68 68 70 70 70 71 73 70 69 70 70 81 82 78 79 78 80 81 78 79 78 83 82 82 81 81 83 84 84 85 86 85 80 81 81 80 80 79 57
74 74 74 73 72 77 76 76 75 75 76 75 77 76 75 74 68 70 73 74 72 76 77 75 74 75 74 73 72 63 63 62 61 61 62 65 65 64 65 72 69 68 68 67 69 70 73 71 71 71 71 82 83 83 79 79 80 81 78 78 78 83 83 83 80 79 79 83 83 82 87 86 87 81 80 79 80 79 80
73 73 72 72 73 73 75 75 75 74 75 75 75 77 76 74 69 71 71 71 71 72 73 72 73 73 74 74 73 72 63 63 60 60 60 66 64 63 65 72 70 67 68 68 68 71 73 71 72 72 72 83 84 82 79 80 80 81 79 78 79 80 81 81 82 78 77 84 84 82 83 84 83 84 81 82 82 79 79
74 75 71 72 73 74 74 75 75 76 75 74 76 75 76 74 70 70 72 72 72 71 74 73 72 72 71 71 74 74 74 64 60 60 60 60 65 64 66 71 72 73 74 73 72 71 72 72 73 73 72 73 84 81 78 80 79 80 81 77 76 76 75 75 74 77 76 84 85 82 82 83 83 85 81 80 81 78 79
74 74 73 73 72 72 72 72 72 77 76 75 74 75 75 76 71 69 68 69 73 71 75 76 75 75 75 76 75 75 76 63 60 60 59 61 61 65 67 70 71 70 74 73 72 70 70 69 72 71 72 74 84 82 82 83 84 84 80 79 76 77 77 76 73 78 78 83 83 81 80 81 82 86 87 87 87 86 87
73 75 73 72 71 73 72 72 72 71 75 75 75 76 74 75 72 68 69 70 72 72 74 77 77 77 76 76 75 76 75 76 60 60 60 61 61 62 66 66 71 70 71 71 73 71 69 70 71 72 72 72 85 85 83 84 85 85 85 85 76 76 76 75 73 73 74 83 84 85 86 86 85 85 86 86 87 87 88
74 75 75 72 71 74 74 73 72 71 72 74 76 77 73 74 71 68 70 70 69 73 75 76 77 76 76 75 75 76 77 78 79 60 59 59 61 60 67 68 68 70 71 72 71 70 69 68 68 73 73 73 74 84 83 85 86 85 85 85 85 75 75 74 74 73 74 74 74 85 84 86 86 86 87 86 87 88 89
74 74 75 74 70 71 75 76 77 78 77 73 72 76 72 73 72 68 70 69 68 73 72 77 76 75 75 75 75 75 74 79 80 80 60 61 60 61 60 69 70 70 71 72 72 70 70 71 69 73 74 73 72 73 82 86 86 85 86 84 84 83 75 74 74 74 75 76 74 74 83 83 84 86 85 84 87 86 85
73 75 75 74 70 70 74 76 76 77 77 76 76 77 77 74 72 69 70 70 68 73 72 72 75 76 74 75 74 73 75 75 74 73 73 72 59 61 62 63 63 63 64 73 72 73 73 71 70 72 71 73 72 73 73 86 87 86 87 84 83 83 75 73 74 74 75 76 75 74 84 83 85 86 84 85 84 84 86
73 75 76 75 70 69 70 77 76 78 77 78 78 78 77 77 78 70 71 71 67 66 65 64 65 65 73 72 73 74 76 75 75 72 71 73 58 62 63 63 64 64 63 63 72 73 74 74 69 71 72 71 71 72 74 73 73 74 75 83 82 82 81 74 73 75 76 75 76 77 76 83 85 85 84 83 84 83 85
72 76 75 74 69 68 71 71 75 75 78 77 76 75 76 76 78 77 77 70 68 65 65 65 65 64 64 71 73 73 75 74 74 71 72 73 72 62 64 62 64 65 65 65 66 74 75 76 76 77 78 79 80 71 75 76 72 73 74 74 73 73 80 75 72 75 76 75 77 76 75 74 74 75 83 82 83 84 85
71 72 75 76 70 69 72 71 71 75 76 76 76 74 75 76 75 76 75 76 69 66 64 64 64 63 63 71 72 73 76 73 73 70 72 73 73 74 63 62 65 66 65 65 67 66 76 77 76 76 76 80 81 80 81 82 83 82 75 75 74 74 80 75 72 74 76 75 76 77 78 74 75 75 76 75 74 85 86
71 72 76 77 70 70 72 71 70 76 76 76 77 76 77 76 75 77 77 77 78 65 64 65 63 62 64 71 71 70 71 70 71 70 71 71 71 74 75 74 65 66 67 64 65 66 76 77 77 76 77 77 77 80 81 81 82 83 84 84 73 73 80 75 75 75 76 74 77 78 77 78 77 77 77 76 75 74 75
71 71 70 77 78 70 71 71 71 71 71 72 78 77 78 77 77 76 75 76 75 65 64 64 63 63 63 71 70 71 71 70 72 72 71 72 71 71 72 71 65 64 67 68 64 65 65 78 79 77 76 78 79 79 79 78 81 84 84 84 85 85 85 76 76 75 76 74 78 78 79 77 77 77 78 77 75 75 76
70 70 71 77 78 78 72 70 71 72 73 73 79 80 79 77 77 77 74 73 72 66 65 63 62 62 63 63 63 70 69 70 72 73 72 71 71 70 71 71 71 70 68 69 65 65 65 66 78 77 76 78 80 80 79 78 77 78 83 82 84 84 84 85 85 76 76 75 76 76 79 78 76 77 77 76 75 75 76
71 72 73 72 78 77 78 78 77 78 73 73 79 81 82 78 77 76 77 72 71 65 65 63 63 62 62 64 65 65 65 66 72 72 71 72 71 69 72 72 72 69 68 68 69 70 64 64 63 77 77 79 81 81 79 77 78 78 83 84 83 85 85 86 86 76 77 76 75 77 78 78 75 76 76 76 75 76 76
70 72 71 72 72 77 77 78 78 79 78 77 78 81 81 77 76 76 76 71 70 69 66 67 64 63 64 65 65 64 65 65 65 64 65 66 67 66 67 71 72 70 69 70 70 70 64 65 64 65 76 75 76 80 79 76 78 77 83 85 83 83 84 86 87 75 74 74 75 76 78 77 76 76 75 75 75 76 75
70 72 71 71 70 71 77 77 78 77 79 78 77 77 76 76 76 76 77 71 71 68 68 67 66 64 64 66 65 65 66 64 64 64 64 65 66 66 66 66 65 65 70 71 69 69 70 70 64 64 63 76 75 74 75 74 79 76 82 84 83 82 81 86 86 74 75 75 76 75 79 78 79 79 76 76 75 75 74
69 71 70 71 69 71 76 78 78 78 77 79 76 77 77 76 76 76 76 76 70 70 69 69 68 64 63 65 65 65 67 66 66 65 63 62 66 65 66 65 64 66 69 70 71 68 70 69 69 69 70 76 74 74 73 73 74 76 83 82 84 83 80 79 79 73 73 73 72 76 80 78 77 77 77 77 78 75 75

58 16
11 12 13 12 12 13 14 13 14 15 15 14 15 14 14 13
10 10 13 13 12 12 12 11 11 15 14 13 13 12 15 12
11 10 10 13 13 14 15 11 10 10 14 13 14 13 14 13
10 9 10 11 10 15 16 12 11 10 13 14 14 14 13 13
10 11 9 8 8 14 17 17 12 10 13 14 13 13 12 14
10 11 10 9 9 14 15 16 16 16 12 14 13 12 12 15
9 9 9 8 9 9 14 14 17 16 13 14 12 13 11 15
8 8 8 9 10 11 12 13 13 17 13 12 13 13 12 16
9 7 7 9 9 8 7 14 14 15 14 14 13 14 13 13
9 8 7 8 8 9 8 15 15 14 14 13 12 13 13 13
10 7 7 6 8 8 9 8 9 8 8 12 11 10 11 12
10 8 7 6 8 7 8 7 6 7 9 11 11 12 10 9
9 8 7 6 6 8 8 9 7 8 9 8 8 13 11 9
8 7 6 6 6 8 8 9 7 6 9 8 8 8 9 9
9 8 8 7 7 6 9 10 8 7 8 8 9 8 7 8
9 8 8 8 8 7 8 9 8 6 7 7 6 5 5 9
10 9 7 9 8 6 7 9 9 9 7 7 6 6 6 6
11 11 12 12 13 6 6 5 10 8 8 7 7 5 5 6
12 11 12 12 12 6 6 5 10 11 11 12 13 4 4 5
12 11 11 11 11 12 12 13 10 12 12 13 14 15 14 5
12 13 14 11 11 11 10 13 9 9 10 10 15 16 14 13
13 12 13 12 12 13 13 14 10 10 10 11 15 16 13 14
13 14 14 14 13 12 12 11 12 12 11 12 14 17 12 11
13 12 15 14 13 13 11 10 13 14 14 12 12 11 11 10
12 12 13 15 14 12 12 10 12 15 15 15 14 11 10 10
13 14 14 14 15 13 11 10 11 15 15 15 14 13 11 12
13 12 14 14 13 14 14 10 10 16 15 14 13 13 12 11
12 13 15 14 14 14 14 9 8 8 16 17 13 14 13 12
11 13 14 14 15 15 15 10 9 8 7 18 13 12 11 13
12 12 14 14 14 13 16 17 10 11 10 18 13 13 14 13
12 11 10 14 15 14 13 17 16 12 12 18 17 14 13 14
12 13 14 15 15 14 14 16 15 12 12 17 17 13 13 13
12 11 11 11 14 15 15 15 14 13 11 17 18 17 12 12
11 11 10 12 11 14 13 16 16 15 11 16 17 18 18 13
12 11 10 13 14 13 12 17 17 16 10 9 16 15 14 14
12 12 11 14 14 13 11 12 16 15 9 10 17 16 15 13
11 13 13 14 15 14 15 14 15 16 15 15 18 16 16 15
12 12 14 13 14 15 14 15 16 16 15 15 18 17 17 15
11 10 11 13 13 13 13 16 17 18 17 17 18 18 19 15
11 9 11 13 14 13 14 14 15 15 18 17 16 15 18 16
11 8 9 12 13 14 14 15 15 15 14 16 16 14 19 15
12 7 7 12 12 11 13 15 15 14 13 12 12 14 13 12
12 11 11 10 10 11 13 14 14 14 14 12 12 11 14 13
13 12 11 9 10 12 13 14 15 14 14 15 15 11 12 12
13 12 12 11 10 9 14 13 14 13 14 14 14 15 13 12
13 13 12 13 9 8 9 9 14 12 13 14 15 14 13 12
12 12 13 13 9 9 8 8 7 8 14 14 13 15 15 13
12 11 13 13 8 8 9 8 8 7 14 14 12 14 15 12
12 12 13 13 9 10 8 7 9 10 11 14 14 14 14 11
11 11 12 14 15 15 14 15 16 15 15 16 13 14 14 13
12 11 11 15 15 16 15 14 15 15 14 15 13 13 14 15
12 12 12 16 16 15 14 13 14 14 13 13 12 13 13 14
12 11 11 12 12 14 15 15 14 14 12 14 13 12 13 14
12 11 11 12 12 13 12 13 14 14 13 15 15 15 14 15
11 10 10 9 9 10 9 14 13 12 11 14 15 15 13 14
11 9 10 9 10 10 10 13 13 14 13 15 16 17 13 12
11 9 11 11 9 9 11 12 14 14 14 14 14 16 16 12
10 9 9 10 9 10 12 13 12 11 11 11 12 12 15 16

86 30
18 17 18 19 19 19 20 19 20 20 19 18 17 18 18 19 18 18 17 16 17 16 17 18 18 19 18 17 16 15
17 17 18 20 19 18 18 17 17 18 18 19 16 19 17 18 18 19 20 20 17 17 16 17 19 19 18 18 17 17
18 19 19 20 20 17 17 17 17 17 17 18 16 18 18 18 18 18 18 19 16 18 17 16 17 17 17 17 18 18
17 17 18 21 20 19 19 19 17 17 16 17 16 15 18 19 19 18 18 18 19 19 18 17 16 15 16 16 17 18
17 16 18 22 21 20 18 18 17 16 15 16 16 16 19 20 20 17 18 17 18 19 18 16 15 16 16 17 17 17
17 16 15 21 21 19 18 19 18 15 15 16 17 16 19 19 20 16 17 17 19 18 18 16 17 16 15 16 16 15
16 15 16 20 21 21 21 18 18 14 14 16 17 18 18 19 19 16 17 17 20 20 21 15 14 16 15 16 16 15
15 15 16 20 21 20 21 17 17 13 14 16 18 17 19 20 18 17 17 18 21 20 21 21 20 20 14 13 12 15
15 14 14 14 15 14 22 23 24 25 24 23 17 17 18 18 19 18 19 17 16 21 21 20 21 21 14 14 12 15
16 16 14 15 14 13 12 13 14 14 23 22 22 23 24 25 19 19 18 18 18 19 20 19 21 22 23 23 22 22
16 17 16 15 14 14 11 14 13 12 24 23 21 22 25 24 24 20 19 19 19 19 19 19 22 23 22 22 23 22
16 15 14 16 15 16 15 15 14 14 15 15 20 21 21 25 24 19 18 19 18 19 20 19 22 23 24 25 22 22
17 14 15 14 15 16 16 17 15 15 16 14 19 20 22 24 25 25 25 25 19 20 20 20 22 23 23 24 23 24
16 15 16 13 15 17 17 18 16 14 13 14 13 20 21 22 21 21 24 24 19 18 20 21 20 20 24 25 25 26
15 15 15 16 16 16 17 19 15 16 16 13 12 21 22 22 22 21 25 26 25 25 19 21 19 19 25 25 25 27
14 15 16 16 16 17 16 19 14 13 16 14 15 22 21 20 22 23 26 25 25 24 18 17 17 18 17 16 26 27
14 14 17 16 17 17 17 16 15 14 13 14 14 14 21 20 20 23 25 25 25 23 23 18 18 17 16 15 15 14
15 14 18 17 18 16 16 15 16 14 13 15 15 14 13 20 21 22 26 24 23 24 23 24 17 16 15 15 16 14
15 14 14 16 18 18 17 14 14 15 16 16 17 16 13 20 20 21 27 23 23 23 23 24 24 23 16 17 18 18
16 13 13 17 16 16 16 14 13 14 16 15 16 15 15 19 20 22 28 29 28 27 26 25 26 25 16 16 18 19
17 12 12 12 16 15 14 13 13 12 15 16 17 15 14 15 15 21 29 30 30 31 27 25 26 26 17 16 19 20
16 17 12 12 11 12 11 10 9 8 7 15 16 16 14 15 15 15 29 29 30 29 30 24 26 27 27 27 27 26
16 17 18 11 10 12 13 11 9 9 10 15 16 17 18 16 15 14 28 27 30 28 29 29 27 27 28 28 28 26
17 18 19 19 18 11 11 12 12 11 10 10 17 17 17 15 15 13 28 29 28 29 29 28 28 29 28 27 27 28
18 18 19 20 19 12 13 14 13 12 10 10 18 17 16 16 16 14 27 28 28 30 31 30 29 29 30 28 27 26
17 17 19 18 19 12 12 12 13 11 12 10 9 10 15 17 17 14 28 29 30 29 31 30 29 30 29 27 28 27
18 17 17 17 19 19 20 20 13 12 11 11 12 11 10 18 18 18 28 29 29 29 30 29 30 31 30 27 27 26
18 16 15 16 17 18 19 19 13 12 10 10 11 11 12 18 19 17 29 30 30 31 30 30 30 31 32 26 27 28
19 18 15 16 16 18 19 20 21 12 9 9 11 10 9 17 18 18 29 29 30 30 29 29 31 32 32 27 26 29
18 17 16 16 17 17 18 20 19 20 20 10 9 8 10 11 12 13 12 13 13 29 29 28 27 26 26 28 27 27
19 20 17 18 18 16 19 20 21 20 19 18 18 18 18 12 11 11 10 10 10 11 12 11 27 25 27 27 26 26
18 17 18 17 17 15 20 20 21 19 19 19 19 19 19 20 19 12 12 9 10 11 11 10 9 8 26 28 26 25
18 19 18 17 18 18 17 21 21 21 20 18 19 20 18 19 18 11 12 12 11 10 10 11 10 9 9 29 26 26
18 18 19 19 18 18 17 16 17 21 20 20 20 21 17 19 17 16 17 13 13 14 14 12 10 8 8 28 29 28
17 16 16 15 14 15 16 17 18 18 20 20 20 20 16 15 14 14 18 19 18 18 14 11 10 7 7 27 28 27
16 17 18 17 16 16 17 17 17 19 19 21 20 20 20 15 15 15 19 19 17 17 15 14 10 9 9 10 27 28
17 16 17 17 15 16 16 17 16 17 18 18 19 19 19 19 20 14 18 17 18 19 19 13 13 13 12 10 10 10
18 19 17 17 17 15 16 16 15 16 16 16 17 17 19 18 19 18 17 17 18 20 18 14 13 14 13 10 9 9
17 20 17 18 18 17 16 17 16 17 18 17 17 17 18 17 18 17 17 18 17 20 19 18 14 15 14 11 8 8
16 20 18 17 19 20 19 17 17 17 18 16 18 16 17 16 18 16 16 16 17 19 18 19 15 16 15 12 11 11
17 19 20 16 16 15 16 16 15 15 18 15 15 17 17 15 19 15 14 15 14 20 21 22 23 16 17 12 13 11
16 18 17 17 18 14 14 14 14 14 15 14 13 16 15 15 19 20 14 16 16 16 20 23 22 16 18 19 12 13
16 19 16 17 16 15 14 15 16 15 16 13 14 14 16 17 18 19 20 20 20 20 19 19 19 17 18 19 20 13
15 16 15 14 16 16 14 13 15 14 13 12 15 16 16 16 16 20 19 19 18 21 20 19 18 17 16 19 21 14
15 16 15 15 15 16 17 17 15 14 13 11 15 15 14 15 17 19 20 21 20 20 20 21 22 23 17 19 20 19
15 16 15 14 16 17 16 16 17 18 17 12 16 16 13 15 15 15 19 20 19 20 20 20 20 24 17 18 18 17
15 15 16 14 15 16 15 16 17 18 19 11 17 17 16 14 14 14 18 21 21 19 20 21 20 24 18 19 20 18
14 16 16 17 15 15 15 15 16 17 20 12 11 18 18 14 13 14 17 21 21 21 22 22 20 19 17 16 15 17
14 16 16 16 15 16 16 14 15 16 15 13 12 13 17 18 13 14 15 20 21 20 21 21 22 18 17 16 16 15
14 15 17 16 15 16 17 17 16 16 14 14 12 13 16 19 12 11 16 19 18 19 22 21 20 19 17 17 15 15
15 15 17 16 14 13 17 17 15 15 15 15 14 12 15 19 12 11 17 16 17 18 18 21 22 21 17 17 15 15
14 14 13 13 13 14 17 18 16 16 15 16 17 17 15 15 16 16 17 17 18 19 18 21 21 21 17 16 15 14
15 15 12 12 12 13 16 19 18 15 16 17 16 17 17 16 17 18 18 18 17 17 18 22 22 23 23 15 14 14
15 16 13 14 14 14 14 13 14 14 15 16 17 17 17 16 16 17 18 19 17 16 15 23 21 22 24 25 26 25
14 17 13 14 13 14 14 12 11 15 15 15 16 17 16 15 17 17 17 16 17 16 15 14 22 21 21 20 19 26
15 16 14 15 15 13 14 14 14 16 15 16 15 16 17 18 16 16 16 15 15 16 17 16 22 21 21 19 18 18
14 13 13 14 13 12 12 13 13 16 16 15 16 17 16 17 15 16 15 14 14 15 17 17 18 22 22 20 19 17
14 14 12 12 12 13 11 10 12 12 15 14 14 18 17 17 17 16 15 16 17 16 16 16 18 17 21 20 20 20
13 12 12 11 10 10 12 12 12 11 16 15 14 15 16 15 16 16 14 16 15 16 17 15 14 14 22 21 21 20
13 12 11 12 11 9 12 11 11 12 11 15 15 15 16 14 13 16 16 17 16 16 15 14 15 14 23 23 22 21
13 14 11 11 12 10 11 10 10 9 9 14 14 15 17 14 14 15 15 14 17 16 17 14 13 13 22 23 22 22
13 14 15 11 12 9 10 11 11 12 13 13 13 15 16 13 13 15 16 17 17 17 18 17 17 16 22 23 21 22
14 14 15 11 10 10 11 12 12 13 13 12 12 15 16 12 13 14 13 18 18 18 18 18 17 16 21 22 21 21
13 14 14 12 13 13 11 12 11 10 14 15 16 14 15 16 15 15 14 15 17 17 16 15 17 17 18 21 21 21
14 13 13 12 11 11 11 11 12 12 11 11 11 14 13 17 14 15 14 15 16 18 18 14 13 13 18 22 21 21
14 14 13 14 13 10 10 12 11 11 10 11 10 10 14 18 17 17 17 17 16 19 17 14 13 14 13 23 20 21
14 14 15 14 14 10 9 11 12 12 13 13 9 9 10 19 17 18 19 19 16 18 17 13 14 13 13 12 21 20
13 13 14 15 14 13 10 11 12 12 11 10 9 9 10 20 19 18 19 20 15 16 16 14 15 14 13 12 11 19
13 12 12 12 15 14 15 10 10 12 12 11 8 9 10 21 19 20 20 19 15 16 16 16 15 16 16 16 15 20
13 14 14 13 13 15 14 15 9 11 13 14 8 8 10 20 20 19 20 19 18 17 18 16 17 16 16 15 16 21
13 14 13 13 14 14 15 14 8 7 6 13 8 9 9 20 21 19 19 20 17 18 18 17 16 15 16 16 16 21
12 13 14 13 13 12 15 13 9 9 10 12 8 9 9 9 21 22 20 19 18 19 18 19 17 18 16 17 16 21
13 13 14 13 14 15 15 12 8 8 10 11 8 10 10 11 10 10 20 19 18 18 18 19 18 18 17 16 17 20
14 14 13 14 13 15 15 16 8 8 9 9 9 9 11 10 11 10 21 21 17 17 16 19 19 18 18 19 19 21
15 15 16 16 13 14 14 13 14 14 8 9 10 10 10 11 10 10 11 22 18 19 15 16 16 15 15 20 20 20
15 15 15 14 15 14 13 13 14 15 8 10 9 9 9 12 11 10 10 9 9 9 16 17 17 17 16 19 20 19
16 15 15 14 13 15 14 12 13 16 17 9 10 11 10 12 10 10 10 10 11 9 15 14 16 16 16 20 21 21
16 15 14 13 13 13 13 14 15 16 16 15 11 12 9 13 9 10 10 10 11 10 16 13 15 17 17 21 21 20
15 14 15 14 14 13 12 13 16 15 14 15 12 11 12 14 9 9 10 9 11 9 15 14 14 17 17 20 20 20
14 13 14 13 13 12 12 13 12 15 14 15 11 10 9 14 10 11 11 11 12 8 7 7 8 8 17 19 21 21
15 13 15 16 15 11 13 14 13 13 15 16 12 11 11 14 11 11 12 12 11 9 8 8 7 7 18 19 20 21
15 14 14 14 13 14 13 14 14 15 14 15 15 14 11 13 12 11 12 13 13 10 11 12 8 9 18 19 19 18
14 13 14 14 14 15 16 14 15 16 15 14 16 15 11 12 11 12 12 13 13 13 12 12 13 9 10 11 12 11
13 14 15 15 14 13 13 12 14 17 16 15 16 15 16 12 12 13 12 14 14 14 11 12 14 10 10 10 11 11
12 15 15 16 16 14 13 11 14 13 16 15 16 17 17 18 19 18 17 13 14 14 10 11 13 9 8 11 12 11
12 11 15 15 14 13 12 11 10 9 9 14 13 17 16 19 20 17 18 13 13 12 11 10 14 9 9 10 11 12

42 29
29 27 26 27 27 28 28 27 27 28 29 29 28 27 26 25 24 24 23 22 22 23 23 22 22 23 23 23 24
28 26 26 26 27 28 27 27 26 27 26 26 29 26 25 24 24 25 24 25 21 20 24 25 24 24 23 24 24
29 29 30 26 27 28 29 29 27 28 28 27 26 25 26 25 25 26 25 26 22 21 24 25 26 25 26 25 23
28 29 30 30 29 28 29 28 26 27 28 29 30 24 25 25 26 27 27 27 21 21 21 26 25 25 25 26 22
29 28 27 29 29 29 29 27 26 26 29 29 30 29 30 31 30 30 31 30 20 19 18 26 25 26 25 24 21
28 29 28 30 30 30 30 26 27 28 30 31 32 28 28 31 30 31 31 29 30 29 18 25 24 26 25 26 25
29 30 29 31 30 30 30 29 29 29 28 30 33 27 29 28 31 32 31 30 30 28 29 29 25 24 25 26 26
29 30 30 30 31 32 30 29 28 29 29 30 29 30 30 28 29 28 30 30 30 31 28 27 24 25 24 24 25
29 30 30 29 32 33 29 29 28 30 29 28 29 29 29 29 29 27 28 29 28 30 28 27 24 24 23 24 24
30 31 31 31 33 32 30 28 27 28 29 29 30 30 30 28 27 26 28 29 29 31 31 31 31 24 24 24 25
30 30 31 31 30 32 32 29 28 29 29 29 30 30 30 28 26 27 27 28 28 31 32 31 32 32 31 32 33
30 31 31 32 33 33 31 32 33 32 33 34 34 31 30 30 25 27 27 28 28 32 32 33 33 31 32 32 33
30 32 31 31 32 32 32 31 33 33 33 32 35 32 32 31 31 27 27 28 27 27 26 33 33 31 31 31 32
29 28 30 31 31 33 34 35 32 33 32 33 35 35 33 34 32 26 28 28 27 28 27 32 31 31 32 32 33
30 30 29 30 31 31 32 31 31 30 31 30 30 34 33 34 34 26 27 28 29 30 28 27 30 30 32 33 34
31 32 29 29 31 32 32 30 30 31 30 29 30 31 32 34 35 34 35 29 30 31 29 28 31 30 29 33 33
32 33 33 29 32 33 32 31 30 30 30 30 30 31 31 31 36 37 36 37 30 31 30 28 30 30 29 34 33
33 34 32 28 28 34 33 31 30 30 29 29 30 30 31 31 35 38 38 37 30 29 28 27 27 30 30 29 30
34 35 32 32 32 32 33 31 32 33 30 29 28 29 28 30 35 36 36 35 29 29 29 30 28 29 28 28 31
34 35 32 33 33 34 34 31 32 33 31 31 30 29 30 29 30 29 28 35 29 30 29 28 27 26 25 27 27
33 35 35 34 34 34 33 32 33 34 33 31 30 30 30 30 31 28 29 30 29 31 28 28 28 29 25 28 27
33 34 35 36 34 34 32 32 33 35 35 32 33 30 31 31 32 27 30 30 31 31 28 29 30 30 30 30 29
32 33 34 34 35 34 32 31 32 33 35 36 37 29 28 29 33 28 31 31 30 29 30 30 31 29 30 31 28
32 31 30 29 30 29 32 30 29 32 33 32 32 33 27 30 34 33 31 31 30 30 30 30 31 32 31 31 28
33 32 33 34 33 34 32 32 31 33 34 33 32 32 27 31 33 33 32 32 31 31 31 29 32 33 31 31 30
32 33 33 34 34 33 31 31 30 31 31 32 33 34 33 34 35 35 36 37 36 30 32 32 31 33 34 30 30
33 32 32 31 31 34 32 32 31 31 32 33 32 32 33 32 35 36 35 34 33 33 33 32 30 31 35 35 30
32 31 31 30 31 33 31 31 32 32 33 33 31 32 33 33 33 32 33 35 34 34 35 33 29 28 36 35 29
31 31 31 31 30 29 30 29 32 31 32 32 33 32 33 32 32 32 32 32 31 32 35 34 34 34 35 36 35
32 32 32 31 32 32 30 31 32 31 32 31 30 31 32 31 33 33 33 31 32 33 32 35 36 35 36 37 36
31 31 32 31 30 30 29 28 33 30 31 30 29 30 32 33 34 34 33 34 33 34 35 34 35 35 35 34 35
30 31 30 30 31 31 29 29 28 28 31 29 29 30 31 34 33 34 34 34 34 34 34 34 35 35 34 33 35
30 29 31 29 29 31 31 30 30 28 27 26 28 27 28 27 26 33 34 35 33 33 34 33 36 35 35 34 35
29 29 29 29 28 28 32 33 33 28 29 28 29 27 27 26 27 26 34 34 32 32 33 33 37 35 36 36 36
28 29 29 29 29 29 28 32 33 28 28 28 29 26 26 25 26 27 28 29 28 28 34 32 31 36 36 37 37
28 29 30 29 30 30 27 31 32 32 29 30 29 26 27 26 27 27 27 27 29 28 33 31 31 31 35 38 37
29 30 30 29 29 29 26 26 25 33 34 30 31 27 27 27 26 27 27 26 25 29 33 31 31 31 35 39 37
28 27 31 31 28 28 27 26 26 32 31 31 30 28 29 30 31 32 27 27 24 29 28 28 28 31 36 39 38
28 28 31 32 27 28 26 26 27 31 31 30 29 30 29 28 27 28 27 27 28 28 29 28 28 29 36 35 38
27 28 28 29 27 28 28 27 26 31 30 31 32 32 30 27 27 28 29 27 28 27 28 28 27 29 30 29 29
26 26 27 28 28 28 27 26 25 26 27 28 28 29 30 30 28 27 28 26 28 26 29 30 30 29 28 27 28
25 25 24 24 28 29 28 26 26 26 26 27 28 28 27 28 29 26 27 26 29 28 28 29 30 31 31 28 29
