7332
7221
8771
7162
5453
3187
6080
1923
8304
4525
4474
6795
5894
7369
4159
9975
9724
1740
10434
7218
8664
9934
6459
6753
11109
6860
1122
8591
9299
5794
9679
9191
4856
7291
5113
9254
4555
3930
7458
5107
2457
7926
4233
3646
8719
3814
2782
10335
4315
6965
7246
4349
9561
9838
10025
6344
6985
9196
3822
8341
7079
3335
7391
7048
10158
6257
10630
9848
10811
7652
9251
10536
7915
8551
7559
9554
7054
5717
4766
8021
7784
4805
9938
6465
7350
5304
9321
3511
10307
5020
9512
7700
5839
9061
4240
11310
8121
9009
8205
914
14857
15610
9643
5967
18404
8495
9545
18707
8330
15998
16692
15617
6967
15635
14814
16093
18607
10565
15237
14787
16851
18558
7549
15580
17342
10013
9892
15061
14883
12023
6786
16119
14858
13690
12684
8277
6579
2674
18100
11126
9392
16144
14599
4270
14346
13674
14135
10967
16482
12223
15090
18562
15889
5291
18150
15634
13546
7537
18483
8231
5720
15287
10729
12826
16500
18634
17949
15428
8909
11657
40033
31331
38082
35888
6129
23120
40482
38329
36644
32355
40836
23395
36391
23836
9769
39327
36061
7842
39082
40105
10483
37335
26452
25600
17275
5919
39411
35700
30847
17421
